15.0 0.3
15.1 0.26999999999999996
15.2 0.26999999999999996
15.3 0.26999999999999996
15.4 0.24
15.5 0.21
15.6 0.21
15.7 0.21
15.8 0.21
15.9 0.21
16.0 0.21
16.1 0.21
16.2 0.18
16.3 0.18
16.4 0.18
16.5 0.18
16.6 0.18
16.7 0.18
16.8 0.18
16.9 0.18
17.0 0.18
17.1 0.18
17.2 0.18
17.3 0.18
17.4 0.18
17.5 0.18
17.6 0.18
17.7 0.18
17.8 0.15
17.9 0.12
18.0 0.12
18.1 0.12
18.2 0.12
18.3 0.12
18.4 0.12
18.5 0.12
18.6 0.12
18.7 0.12
18.8 0.12
18.9 0.12
19.0 0.12
19.1 0.09
19.2 0.09
19.3 0.06
19.4 0.06
19.5 0.06
19.6 0.06
19.7 0.06
19.8 0.06
19.9 0.06
20.0 0.03
20.1 0.03
20.2 0.03
20.3 0.03
20.4 0.03
20.5 0.03
20.6 0.03
20.7 0.03
20.8 0.03
20.9 0.03
21.0 0.03
21.1 0.0
21.2 0.0
21.3 0.0
21.4 0.0
21.5 0.0
21.6 0.0
21.7 0.0
21.8 0.0
21.9 0.0
22.0 0.0
22.1 0.0
22.2 0.0
22.3 0.0
22.4 0.0
22.5 0.0
22.6 0.0
22.7 0.0
22.8 0.0
22.9 0.0
23.0 0.0
23.1 0.0
23.2 0.0
23.3 0.0
23.4 0.0
23.5 0.0
23.6 0.0
23.7 0.0
23.8 0.0
23.9 0.0
24.0 0.0
24.1 0.0
24.2 0.0
24.3 0.0
24.4 0.0
24.5 0.0
24.6 0.0
24.7 0.0
24.8 0.0
24.9 0.0
